total correct:		36829/39209, 		93.929965%

cdo:			27857/28079 correct, 	99.209374%
triangle:		8418/8970 correct, 	93.846154%
inverted_triangle:	554/2160 correct, 	25.648148%